INITIAL
eeny                     , eeny     , 63.876125 , 0.304420 ; 4.000000 , 0.067179 , 0.048445 , 0.363194 , 0.871492

meany                    , meany    , 2.469990 , 0.686212 ; 4.000000 , 0.139608 , 0.291918 , 0.504559 , 0.494529

miny                     , miny     , 84.208413 , 0.287150 ; 4.000000 , 0.124988 , 0.580249 , 0.358413 , 0.990106

moe                      , moe      , 98.692160 , 0.818032 ; 4.000000 , 0.589062 , 0.105172 , 0.305959 , 0.193474

alan                     , alan     , 8.253201 , 0.618440 ; 4.000000 , 0.378169 , 0.099704 , 0.593982 , 0.468373

Is admissible? false Expected value: 38.387930406230176
MADE ADMISSIBLE
moe                      , moe      , 98.692160 , 0.818032 ; 4.000000 , 0.589062 , 0.105172 , 0.305959 , 0.193474

miny                     , miny     , 84.208413 , 0.287150 ; 4.000000 , 0.124988 , 0.580249 , 0.358413 , 0.990106

eeny                     , eeny     , 63.876125 , 0.304420 ; 4.000000 , 0.067179 , 0.048445 , 0.363194 , 0.871492

alan                     , alan     , 8.253201 , 0.618440 ; 4.000000 , 0.378169 , 0.099704 , 0.593982 , 0.468373

meany                    , meany    , 2.469990 , 0.686212 ; 4.000000 , 0.139608 , 0.291918 , 0.504559 , 0.494529

Is admissible? true Expected value: 88.01718911404305
IMPROVED
NO BFS Improvement!
moe                      , moe      , 98.692160 , 0.818032 ; 4.000000 , 0.589062 , 0.105172 , 0.305959 , 0.193474

general                  , pass     , 92.125464 , 0.409186 ; 4.000000 , 0.607841 , 0.758484 , 0.496261 , 0.713276

general                  , pass     , 92.125464 , 0.409186 ; 4.000000 , 0.607841 , 0.758484 , 0.496261 , 0.713276

steve                    , pass     , 69.626361 , 0.951803 ; 4.000000 , 0.095281 , 0.076275 , 0.083171 , 0.454890

meany                    , meany    , 2.469990 , 0.686212 ; 4.000000 , 0.139608 , 0.291918 , 0.504559 , 0.494529

Is admissible? false Expected value: 95.51487140329495
BRUTE FORCE
moe                      , moe      , 98.692160 , 0.818032 ; 4.000000 , 0.589062 , 0.105172 , 0.305959 , 0.193474

general                  , pass     , 92.125464 , 0.409186 ; 4.000000 , 0.607841 , 0.758484 , 0.496261 , 0.713276

general                  , pass     , 92.125464 , 0.409186 ; 4.000000 , 0.607841 , 0.758484 , 0.496261 , 0.713276

general                  , pass     , 92.125464 , 0.409186 ; 4.000000 , 0.607841 , 0.758484 , 0.496261 , 0.713276

miny                     , miny     , 84.208413 , 0.287150 ; 4.000000 , 0.124988 , 0.580249 , 0.358413 , 0.990106

Is admissible? true Expected value: 94.33340119606747